Attribute Evaluator (supervised, Class (nominal): 38 class):
	Information Gain Ranking Filter

Ranked attributes:
 0.18613    4 4
 0.11491   36 36
 0.07918    1 1
 0.07669    8 8
 0.07359   28 28
 0.07359    6 6
 0.07261    9 9
 0.07148   27 27
 0.06885   10 10
 0.06283   30 30
 0.05646   37 37
 0.05294    5 5
 0.04897   35 35
 0.03763   25 25
 0.03717   18 18
 0.03696   32 32
 0.0367    22 22
 0.03444   21 21
 0.03387   24 24
 0.03387   20 20
 0.03353   31 31
 0.03237   16 16
 0.03119   34 34
 0.03042   33 33
 0.02556   19 19
 0.02545   26 26
 0.02088   23 23
 0.01903   17 17
 0.01775   13 13
 0.01698   11 11
 0.01531   12 12
 0.01486   29 29
 0.01483    7 7
 0.01263    2 2
 0.00933    3 3
 0.0092    14 14
 0.00191   15 15

Selected attributes: 4,36,1,8,28,6,9,27,10,30,37,5,35,25,18,32,22,21,24,20,31,16,34,33,19,26,23,17,13,11,12,29,7,2,3,14,15 : 37