Attribute Evaluator (supervised, Class (nominal): 38 class):
	Symmetrical Uncertainty Ranking Filter

Ranked attributes:
 0.20736    4 4
 0.1059    36 36
 0.08463   10 10
 0.07207    6 6
 0.07207   28 28
 0.07095    9 9
 0.07071   27 27
 0.06623    1 1
 0.06155    5 5
 0.06129    8 8
 0.06043   37 37
 0.05231   30 30
 0.0408    35 35
 0.03957   25 25
 0.03899   22 22
 0.03748   21 21
 0.03612   18 18
 0.03579   16 16
 0.03539   24 24
 0.03539   20 20
 0.0322    32 32
 0.03177   31 31
 0.03074   34 34
 0.0256    33 33
 0.02337   23 23
 0.0226    26 26
 0.02211   19 19
 0.0203    12 12
 0.01972    7 7
 0.01916   11 11
 0.01762   17 17
 0.01722    2 2
 0.01666   13 13
 0.01391   29 29
 0.01187   14 14
 0.011      3 3
 0.00402   15 15

Selected attributes: 4,36,10,6,28,9,27,1,5,8,37,30,35,25,22,21,18,16,24,20,32,31,34,33,23,26,19,12,7,11,17,2,13,29,14,3,15 : 37