Attribute Evaluator (supervised, Class (nominal): 38 class):
	OneR feature evaluator.

	Using 10 fold cross validation for evaluating attributes.
	Minimum bucket size for OneR: 6

Ranked attributes:
88.518    4 4
86.971   37 37
86.889   20 20
86.889   21 21
86.889   31 31
86.889   22 22
86.889   25 25
86.889   24 24
86.808   16 16
86.645    8 8
86.645    3 3
86.645   12 12
86.645   13 13
86.645   14 14
86.645    2 2
86.645    5 5
86.645    9 9
86.645   11 11
86.645   15 15
86.645    7 7
86.645    6 6
86.645   10 10
86.645   19 19
86.645   17 17
86.645   33 33
86.645   32 32
86.645   34 34
86.645   18 18
86.645   35 35
86.645   30 30
86.645   29 29
86.645   28 28
86.645   27 27
86.645   36 36
86.645   23 23
86.645   26 26
86.645    1 1

Selected attributes: 4,37,20,21,31,22,25,24,16,8,3,12,13,14,2,5,9,11,15,7,6,10,19,17,33,32,34,18,35,30,29,28,27,36,23,26,1 : 37