Attribute Evaluator (supervised, Class (nominal): 38 class):
	ReliefF Ranking Filter
	Instances sampled: all
	Number of nearest neighbours (k): 10
	Exponentially decreasing (with distance) influence for
	nearest neighbours. Sigma: 2

Ranked attributes:
 0.48244    4 4
 0.34443   36 36
 0.2495     8 8
 0.23477   30 30
 0.21825    1 1
 0.20001   27 27
 0.19624   10 10
 0.1961     9 9
 0.19576    6 6
 0.19576   28 28
 0.12851    5 5
 0.1271    35 35
 0.1063    37 37
 0.10162   11 11
 0.09388   19 19
 0.09374   23 23
 0.09163   20 20
 0.09163   24 24
 0.08972   32 32
 0.08391   33 33
 0.08289   18 18
 0.08198   34 34
 0.08072   29 29
 0.08039   22 22
 0.07656   25 25
 0.07187   14 14
 0.0683    17 17
 0.0668     7 7
 0.06604    2 2
 0.06356   13 13
 0.0593    26 26
 0.05471   16 16
 0.05437   21 21
 0.05399   31 31
 0.0328     3 3
 0.02734   12 12
 0.00878   15 15

Selected attributes: 4,36,8,30,1,27,10,9,6,28,5,35,37,11,19,23,20,24,32,33,18,34,29,22,25,14,17,7,2,13,26,16,21,31,3,12,15 : 37