Attribute Evaluator (supervised, Class (nominal): 38 class):
	Gain Ratio feature evaluator

Ranked attributes:
 0.15155    4 4
 0.07168   36 36
 0.06495   10 10
 0.04989    6 6
 0.04989   28 28
 0.04914   27 27
 0.04907    9 9
 0.04591    5 5
 0.04341    1 1
 0.04337   37 37
 0.03963    8 8
 0.03424   30 30
 0.02819   25 25
 0.0279    22 22
 0.02711   21 21
 0.02671   35 35
 0.02607   16 16
 0.02514   20 20
 0.02514   24 24
 0.02492   18 18
 0.02172   31 31
 0.02138   32 32
 0.02133   34 34
 0.01712   23 23
 0.01681   33 33
 0.01627   12 12
 0.01583    7 7
 0.0151    26 26
 0.01465   19 19
 0.01409   11 11
 0.01404    2 2
 0.01195   17 17
 0.01135   13 13
 0.00947   29 29
 0.00936   14 14
 0.00826    3 3
 0.00497   15 15

Selected attributes: 4,36,10,6,28,27,9,5,1,37,8,30,25,22,21,35,16,20,24,18,31,32,34,23,33,12,7,26,19,11,2,17,13,29,14,3,15 : 37